1740948824551711 2 2023
5276142322168576 2 2000
1892795431233411 11 2000
3874277931986502 5 1992
8602486509006138 9 2035
9344606618496378 4 2026
8291359840763615 7 1995
4209737260165754 2 2000
1200146071777733 6 2001
5998182660380125 4 2031
0947835120164061 4 2031
8984143988087783 3 2015
8371073496510996 5 1992
8348499255333743 8 2000
8088068198972282 1 2000
8907815861242586 10 2021
2653924618211976 11 2021
2952003918195325 2 2023
2586772294196982 3 2045
5549125083939679 12 2020
4558796419498964 2 2000